1 2.21e-07
2 1.7e-07
3 1.45e-07
4 1.73e-07
5 1.63e-07
6 1.72e-07
7 1.9e-07
8 1.38e-07
9 1.8e-07
10 1.69e-07
20 2.09e-07
30 2.26e-07
40 3e-07
50 2.87e-07
60 3.44e-07
70 3.99e-07
80 4.12e-07
90 4.59e-07
100 4.94e-07
200 8.42e-07
300 1.176e-06
400 1.509e-06
500 1.842e-06
600 2.176e-06
700 2.648e-06
800 2.862e-06
900 3.158e-06
1000 3.511e-06
2000 6.89e-06
3000 1.0271e-05
4000 1.3668e-05
5000 1.7036e-05
6000 2.042e-05
7000 2.3796e-05
8000 2.7152e-05
9000 3.0579e-05
10000 3.3975e-05
20000 6.7688e-05
30000 0.000101465
40000 0.000135228
50000 0.000169072
60000 0.000202871
70000 0.000248487
80000 0.000270363
90000 0.000304134
100000 0.00033793
200000 0.000675617
300000 0.00105396
400000 0.00135612
500000 0.00171084
600000 0.00204229
700000 0.00238097
800000 0.00276643
900000 0.0030962
1000000 0.00345771
2000000 0.0068851
3000000 0.0102716
4000000 0.0137271
5000000 0.017178
6000000 0.0204811
7000000 0.0238055
8000000 0.0273607
9000000 0.0307717
10000000 0.0341863
20000000 0.0682672
30000000 0.102014
40000000 0.136104
50000000 0.169877
60000000 0.204148
70000000 0.238135
80000000 0.271979
90000000 0.306159
100000000 0.340149
