1 6.42e-07
2 1.093e-06
3 1.486e-06
4 1.956e-06
5 2.313e-06
6 2.812e-06
7 3.273e-06
8 3.719e-06
9 4.225e-06
10 4.555e-06
20 9.132e-06
30 1.3657e-05
40 1.8199e-05
50 2.2648e-05
60 2.7215e-05
70 3.1702e-05
80 3.6258e-05
90 4.0782e-05
100 4.5257e-05
200 0.00010823
300 0.000135854
400 0.000206274
500 0.000232947
600 0.000298144
700 0.000316843
800 0.000402964
900 0.000407211
1000 0.000469516
2000 0.000909657
3000 0.00136201
4000 0.00182287
5000 0.00229651
6000 0.00275392
7000 0.00318074
8000 0.00367487
9000 0.00412065
10000 0.00461694
20000 0.00919265
30000 0.0136899
40000 0.0182966
50000 0.0228312
60000 0.0273635
70000 0.031909
80000 0.0363221
90000 0.0409951
100000 0.0455022
200000 0.0908501
300000 0.13623
400000 0.181548
500000 0.2269
600000 0.272299
700000 0.317639
800000 0.362949
900000 0.408263
1000000 0.453682
2000000 0.907091
3000000 1.36065
4000000 1.81423
5000000 2.26769
6000000 2.72107
7000000 3.17569
8000000 3.62826
9000000 4.08165
10000000 4.53538
20000000 9.07038
30000000 13.6063
40000000 18.1399
50000000 22.6762
60000000 27.2107
70000000 31.7459
80000000 36.2821
90000000 40.8169
100000000 45.3513
