1 5.108e-06
2 1.0086e-05
3 1.5083e-05
4 2.0051e-05
5 2.4191e-05
6 2.996e-05
7 3.4942e-05
8 3.9925e-05
9 4.49e-05
10 4.9066e-05
20 9.8743e-05
30 0.000148531
40 0.000198203
50 0.000247896
60 0.000297632
70 0.00035272
80 0.000407849
90 0.000446804
100 0.000496381
200 0.00103813
300 0.00152243
400 0.00203169
500 0.00253019
600 0.00303221
700 0.00353321
800 0.00403366
900 0.00452802
1000 0.00502594
2000 0.0100927
3000 0.0150872
4000 0.0200871
5000 0.0250673
6000 0.0299461
7000 0.0349416
8000 0.0400966
9000 0.0450421
10000 0.0499887
20000 0.0998262
30000 0.149657
40000 0.199503
50000 0.249385
60000 0.299198
70000 0.348886
80000 0.398814
90000 0.448689
100000 0.498408
200000 0.996884
300000 1.49517
400000 1.99353
500000 2.49201
600000 2.99123
700000 3.48875
800000 3.98768
900000 4.48548
1000000 4.98382
2000000 9.96739
3000000 14.9523
4000000 19.9363
5000000 24.9195
6000000 29.9037
7000000 34.8881
8000000 39.8708
9000000 44.8545
10000000 49.8384
20000000 99.6787
30000000 149.523
40000000 199.357
50000000 249.194
60000000 299.034
70000000 348.877
80000000 398.713
90000000 448.552
100000000 498.396
