1 1.93e-07
2 1.83e-07
3 2.05e-07
4 2.3e-07
5 2.34e-07
6 2.9e-07
7 2.75e-07
8 3.39e-07
9 3.81e-07
10 3.71e-07
20 6.04e-07
30 8.66e-07
40 1.075e-06
50 1.298e-06
60 1.532e-06
70 1.738e-06
80 2.009e-06
90 2.386e-06
100 2.469e-06
200 4.844e-06
300 7.15e-06
400 9.551e-06
500 1.1886e-05
600 1.4272e-05
700 1.6529e-05
800 1.8759e-05
900 2.2439e-05
1000 2.3577e-05
2000 4.7163e-05
3000 7.0105e-05
4000 9.4035e-05
5000 0.000116752
6000 0.000141022
7000 0.000164572
8000 0.000188123
9000 0.000209969
10000 0.000234884
20000 0.000466419
30000 0.000744034
40000 0.000943598
50000 0.00117869
60000 0.00143936
70000 0.00168125
80000 0.00192213
90000 0.00215587
100000 0.00239683
200000 0.0047407
300000 0.00712903
400000 0.00947
500000 0.0118559
600000 0.0141852
700000 0.0165252
800000 0.0188424
900000 0.0212579
1000000 0.023623
2000000 0.0471682
3000000 0.0706033
4000000 0.0941076
5000000 0.11763
6000000 0.141083
7000000 0.164749
8000000 0.188032
9000000 0.21158
10000000 0.235271
20000000 0.470069
30000000 0.705064
40000000 0.939738
50000000 1.17474
60000000 1.40976
70000000 1.64483
80000000 1.8794
90000000 2.11442
100000000 2.34914
